test_output/output4000.asc
ncols 20
nrows 20
xllcorner -180.0
yllcorner -90.0
cellsize 0.0833333
NODATA_value null
0.0 0.0 0.0 0.0 0.0 0.0 0.0 0.0 0.0 0.0 0.0 0.0 0.0 0.0 0.0 0.0 0.0 0.0 0.0 0.0
0.0 0.0 0.0 0.0 0.0 0.0 708.0 667.0 155.0 0.0 0.0 0.0 0.0 0.0 0.0 0.0 0.0 0.0 0.0 0.0
0.0 0.0 0.0 0.0 0.0 0.0 821.0 780.0 196.0 0.0 0.0 0.0 0.0 0.0 5286000.0 6919640.0 5765105.0 3645734.0 1783556.0 667823.0
0.0 0.0 0.0 0.0 0.0 0.0 309.0 271.0 1.0 0.0 0.0 0.0 0.0 0.0 1.444758E7 1.7417947E7 1.3677679E7 8153535.0 3568455.0 1237408.0
0.0 0.0 0.0 0.0 0.0 0.0 0.0 0.0 0.0 0.0 0.0 0.0 0.0 0.0 3.4564211E7 3.5384186E7 2.5246338E7 1.3646089E7 4338527.0 1275190.0
500934.0 1371624.0 3075635.0 6223372.0 1.156438E7 1.9933287E7 3.2103278E7 4.818756E7 6.7554541E7 8.8605972E7 1.07570849E8 1.16008789E8 1.1086311E8 9.6510915E7 8.4192984E7 6.3139552E7 3.9863675E7 1.8956601E7 0.0 0.0
785522.0 2128231.0 4695179.0 9299766.0 1.6866981E7 2.8505559E7 4.5851741E7 6.9345081E7 9.9008894E7 1.34863453E8 1.7475524E8 1.95623479E8 1.89571258E8 1.62490229E8 1.26241356E8 8.7372161E7 5.2438958E7 2.3999411E7 0.0 0.0
776317.0 2055436.0 4361470.0 8138021.0 1.3533703E7 2.0633962E7 3.2862289E7 5.0255475E7 7.4230389E7 1.10640516E8 1.80806935E8 2.21018207E8 2.21277762E8 1.90891811E8 1.45585523E8 9.8559492E7 5.8075883E7 2.6228678E7 0.0 0.0
570870.0 1453241.0 2858091.0 4583398.0 5203807.0 0.0 0.0 0.0 0.0 0.0 1.395302E8 2.01678291E8 2.10657371E8 1.84051337E8 1.40211184E8 9.4347568E7 5.524643E7 2.4866683E7 0.0 0.0
338290.0 830761.0 1531745.0 2202086.0 2057544.0 0.0 0.0 0.0 2.2102753E7 5.5433245E7 1.25082941E8 1.68737227E8 1.7574134E8 1.53598306E8 1.16537937E8 7.8052389E7 4.5607909E7 2.0695822E7 0.0 0.0
169509.0 407421.0 726093.0 1000589.0 905555.0 0.0 0.0 0.0 2.864768E7 6.1423089E7 1.0176171E8 1.27925862E8 1.30466458E8 1.1225933E8 8.3137405E7 5.4928827E7 3.210257E7 1.5566702E7 4637099.0 1275594.0
74359.0 180931.0 337221.0 541844.0 818410.0 1478502.0 3821077.0 1.0151739E7 2.7460478E7 4.9819535E7 7.3028061E7 8.7020595E7 8.5836656E7 7.0006973E7 4.5388614E7 2.8638265E7 1.6540187E7 8268953.0 3183915.0 999249.0
27195.0 70244.0 152493.0 347938.0 768861.0 1821850.0 4435468.0 1.0096565E7 2.0619193E7 3.3894808E7 4.6424281E7 5.2919705E7 4.9445565E7 3.3708023E7 0.0 0.0 0.0 0.0 0.0 0.0
0.0 0.0 0.0 213156.0 585732.0 1455625.0 3376451.0 7066655.0 1.2981313E7 2.0108591E7 2.6378464E7 2.9067066E7 2.605461E7 1.6314905E7 0.0 0.0 0.0 0.0 0.0 0.0
0.0 0.0 0.0 124659.0 365251.0 909926.0 2040915.0 4067763.0 7084530.0 1.0578304E7 1.3484615E7 1.4497722E7 1.2631879E7 7579186.0 0.0 0.0 0.0 76.0 0.0 0.0
0.0 0.0 0.0 63150.0 188897.0 468658.0 1029827.0 1996799.0 3384621.0 4965642.0 6221768.0 6577552.0 5624370.0 3297871.0 0.0 0.0 0.0 108.0 0.0 0.0
0.0 0.0 0.0 24841.0 75027.0 185888.0 404871.0 777833.0 1323114.0 2050968.0 2584618.0 2711571.0 2291868.0 1326370.0 0.0 0.0 0.0 76.0 0.0 0.0
0.0 0.0 0.0 0.0 0.0 0.0 0.0 0.0 0.0 666283.0 950451.0 1010552.0 850568.0 488688.0 0.0 0.0 0.0 0.0 0.0 0.0
0.0 0.0 0.0 0.0 0.0 201.0 1694.0 9427.0 46210.0 214942.0 315718.0 339127.0 285113.0 163135.0 0.0 0.0 0.0 0.0 0.0 0.0
0.0 0.0 0.0 0.0 0.0 102.0 1016.0 5145.0 20191.0 60897.0 89363.0 96500.0 81102.0 46287.0 0.0 0.0 0.0 0.0 0.0 0.0
