test_output/output4300.asc
ncols 20
nrows 20
xllcorner -180.0
yllcorner -90.0
cellsize 0.0833333
NODATA_value null
0.0 0.0 0.0 0.0 0.0 0.0 0.0 0.0 0.0 0.0 0.0 0.0 0.0 0.0 0.0 0.0 0.0 0.0 0.0 0.0
0.0 0.0 0.0 0.0 0.0 0.0 1493.0 1697.0 887.0 178.0 0.0 0.0 0.0 0.0 0.0 0.0 0.0 0.0 0.0 0.0
0.0 0.0 0.0 0.0 0.0 0.0 1861.0 2108.0 1092.0 225.0 0.0 0.0 0.0 0.0 3.2009797E7 4.3486822E7 3.7959075E7 2.5280798E7 1.3086635E7 5158947.0
0.0 0.0 0.0 0.0 0.0 0.0 1068.0 1187.0 576.0 74.0 0.0 0.0 0.0 0.0 8.3992671E7 1.05548301E8 8.6979107E7 5.4549198E7 2.526595E7 9241629.0
0.0 0.0 0.0 0.0 0.0 0.0 0.0 0.0 0.0 0.0 0.0 0.0 0.0 0.0 1.91948549E8 2.05994813E8 1.54494716E8 8.7552435E7 2.9419149E7 9148013.0
3425044.0 8701428.0 1.7909146E7 3.3456471E7 5.8078205E7 9.4909034E7 1.47315995E8 2.16465315E8 3.01485885E8 3.98178255E8 4.9196926E8 5.43846651E8 5.36940783E8 4.88049113E8 4.49959502E8 3.56462738E8 2.37042703E8 1.17491924E8 0.0 0.0
5457483.0 1.3702686E7 2.7687309E7 5.0470458E7 8.5173561E7 1.35962394E8 2.10537364E8 3.11829923E8 4.43015122E8 6.09340638E8 8.0619822E8 9.25616068E8 9.25531505E8 8.25072063E8 6.72079244E8 4.89729399E8 3.09060639E8 1.4710099E8 0.0 0.0
5568578.0 1.364906E7 2.6462025E7 4.5236942E7 6.9439676E7 9.8825312E7 1.51061236E8 2.26342237E8 3.33577714E8 5.0498699E8 8.49526708E8 1.06486433E9 1.098101497E9 9.8264997E8 7.8304578E8 5.56681228E8 3.44355164E8 1.61575537E8 0.0 0.0
4321197.0 1.0194282E7 1.8351176E7 2.7056022E7 2.8529641E7 0.0 0.0 0.0 0.0 0.0 6.80514449E8 1.000602741E9 1.072117154E9 9.6880667E8 7.69160611E8 5.42457837E8 3.33102136E8 1.55741516E8 0.0 0.0
2760185.0 6287825.0 1.0633757E7 1.4115011E7 1.2347415E7 0.0 0.0 0.0 1.1814438E8 2.89828416E8 6.39111865E8 8.6887566E8 9.23968613E8 8.32372193E8 6.56257207E8 4.59827996E8 2.81638123E8 1.3294935E8 0.0 0.0
1524436.0 3402265.0 5584281.0 7179108.0 6213887.0 0.0 0.0 0.0 1.59074514E8 3.34234615E8 5.45037351E8 6.87461198E8 7.12585133E8 6.28943182E8 4.81690214E8 3.32158232E8 2.0357038E8 1.03321676E8 3.2357421E7 9360868.0
751315.0 1697705.0 2928503.0 4435110.0 6370300.0 1.0707491E7 2.535534E7 6.2869013E7 1.61299304E8 2.8517286E8 4.11839461E8 4.90643653E8 4.89124006E8 4.05833711E8 2.69341162E8 1.76753607E8 1.07054245E8 5.6205972E7 2.2763017E7 7493471.0
306390.0 731426.0 1465830.0 3148938.0 6416217.0 1.3871305E7 3.1099236E7 6.631941E7 1.28945704E8 2.0591983E8 2.77488692E8 3.15037731E8 2.95526819E8 2.0261587E8 0.0 0.0 0.0 0.0 0.0 0.0
0.0 0.0 0.0 2077363.0 5239828.0 1.1857556E7 2.5365879E7 4.9775796E7 8.7120573E7 1.30808775E8 1.68483342E8 1.84292014E8 1.65085219E8 1.03432557E8 0.0 0.0 0.0 0.0 0.0 0.0
0.0 0.0 0.0 1327532.0 3552585.0 8041312.0 1.6616688E7 3.1027419E7 5.1458265E7 7.4347407E7 9.2874424E7 9.8857947E7 8.5821402E7 5.1403986E7 0.0 0.0 0.0 98.0 0.0 0.0
0.0 0.0 0.0 742697.0 2016393.0 4526934.0 9141918.0 1.6584997E7 2.6765934E7 3.8015703E7 4.6643627E7 4.8737986E7 4.1446402E7 2.4233445E7 0.0 0.0 0.0 138.0 0.0 0.0
0.0 0.0 0.0 319629.0 870264.0 1941878.0 3877009.0 6966358.0 1.131769E7 1.7167952E7 2.1272229E7 2.2065955E7 1.8535178E7 1.0691995E7 0.0 0.0 0.0 98.0 0.0 0.0
0.0 0.0 0.0 0.0 0.0 0.0 0.0 0.0 0.0 6099962.0 8655867.0 9131913.0 7644357.0 4378736.0 0.0 0.0 0.0 0.0 0.0 0.0
0.0 0.0 0.0 89.0 1035.0 5916.0 28294.0 124926.0 530179.0 2217484.0 3228051.0 3445170.0 2883495.0 1645927.0 0.0 0.0 0.0 0.0 0.0 0.0
0.0 0.0 0.0 55.0 811.0 4532.0 20091.0 77460.0 260570.0 710573.0 1026271.0 1100590.0 921536.0 525146.0 0.0 0.0 0.0 0.0 0.0 0.0
