test_output/output3200.asc
ncols 20
nrows 20
xllcorner -180.0
yllcorner -90.0
cellsize 0.0833333
NODATA_value null
0.0 0.0 0.0 0.0 0.0 0.0 0.0 0.0 0.0 0.0 0.0 0.0 0.0 0.0 0.0 0.0 0.0 0.0 0.0 0.0
0.0 0.0 0.0 0.0 0.0 0.0 210.0 1.0 0.0 0.0 0.0 0.0 0.0 0.0 0.0 0.0 0.0 0.0 0.0 0.0
0.0 0.0 0.0 0.0 0.0 0.0 296.0 208.0 0.0 0.0 0.0 0.0 0.0 0.0 32557.0 35156.0 22782.0 10667.0 3598.0 860.0
0.0 0.0 0.0 0.0 0.0 0.0 1.0 0.0 0.0 0.0 0.0 0.0 0.0 0.0 108994.0 107508.0 66053.0 29889.0 9376.0 2211.0
0.0 0.0 0.0 0.0 0.0 0.0 0.0 0.0 0.0 0.0 0.0 0.0 0.0 0.0 319593.0 264588.0 148347.0 62715.0 14884.0 3091.0
1069.0 4937.0 17300.0 50317.0 125419.0 272411.0 520555.0 877214.0 1308688.0 1734115.0 2030602.0 2036015.0 1743060.0 1298016.0 913279.0 542276.0 268556.0 103054.0 0.0 0.0
1597.0 7311.0 25453.0 73361.0 180831.0 389269.0 744902.0 1263243.0 1911278.0 2608919.0 3225736.0 3342390.0 2904802.0 2151928.0 1387828.0 772941.0 367765.0 137463.0 0.0 0.0
1346.0 6203.0 21296.0 59346.0 138564.0 279748.0 534370.0 915254.0 1422485.0 2089701.0 3171539.0 3571584.0 3210591.0 2405550.0 1537392.0 844671.0 397061.0 147103.0 0.0 0.0
679.0 3255.0 10707.0 25910.0 41005.0 0.0 0.0 0.0 0.0 0.0 2180273.0 2954616.0 2793481.0 2130907.0 1367040.0 749321.0 350601.0 129319.0 0.0 0.0
194.0 1145.0 3839.0 8625.0 11310.0 0.0 0.0 0.0 243789.0 671358.0 1658365.0 2158989.0 2058292.0 1580705.0 1014913.0 554782.0 258396.0 95163.0 0.0 0.0
1.0 241.0 976.0 2248.0 2822.0 0.0 0.0 0.0 270670.0 633838.0 1123435.0 1384138.0 1307246.0 999131.0 633534.0 342880.0 158644.0 60346.0 13578.0 2678.0
0.0 1.0 144.0 519.0 1337.0 4135.0 16684.0 60484.0 205571.0 417286.0 652504.0 771236.0 715643.0 531460.0 305965.0 159742.0 72700.0 27848.0 7917.0 1747.0
0.0 0.0 1.0 117.0 811.0 3815.0 14622.0 45792.0 117519.0 220273.0 323878.0 371149.0 333546.0 216613.0 0.0 0.0 0.0 0.0 0.0 0.0
0.0 0.0 0.0 1.0 352.0 2009.0 7720.0 22883.0 53653.0 96571.0 137485.0 154264.0 135201.0 82325.0 0.0 0.0 0.0 0.0 0.0 0.0
0.0 0.0 0.0 0.0 73.0 694.0 2913.0 8700.0 19948.0 35413.0 49698.0 55056.0 47414.0 27904.0 0.0 0.0 0.0 39.0 0.0 0.0
0.0 0.0 0.0 0.0 0.0 132.0 774.0 2533.0 5974.0 10727.0 15063.0 16594.0 14108.0 8121.0 0.0 0.0 0.0 56.0 0.0 0.0
0.0 0.0 0.0 0.0 0.0 0.0 104.0 508.0 1343.0 2560.0 3672.0 4053.0 3401.0 1908.0 0.0 0.0 0.0 39.0 0.0 0.0
0.0 0.0 0.0 0.0 0.0 0.0 0.0 0.0 0.0 396.0 630.0 708.0 576.0 297.0 0.0 0.0 0.0 0.0 0.0 0.0
0.0 0.0 0.0 0.0 0.0 0.0 0.0 0.0 0.0 1.0 20.0 31.0 13.0 1.0 0.0 0.0 0.0 0.0 0.0 0.0
0.0 0.0 0.0 0.0 0.0 0.0 0.0 0.0 0.0 0.0 0.0 0.0 0.0 0.0 0.0 0.0 0.0 0.0 0.0 0.0
