test_output/output3800.asc
ncols 20
nrows 20
xllcorner -180.0
yllcorner -90.0
cellsize 0.0833333
NODATA_value null
0.0 0.0 0.0 0.0 0.0 0.0 0.0 0.0 0.0 0.0 0.0 0.0 0.0 0.0 0.0 0.0 0.0 0.0 0.0 0.0
0.0 0.0 0.0 0.0 0.0 0.0 469.0 380.0 1.0 0.0 0.0 0.0 0.0 0.0 0.0 0.0 0.0 0.0 0.0 0.0
0.0 0.0 0.0 0.0 0.0 0.0 546.0 468.0 1.0 0.0 0.0 0.0 0.0 0.0 1554893.0 1971506.0 1577421.0 952978.0 443086.0 158095.0
0.0 0.0 0.0 0.0 0.0 0.0 59.0 14.0 0.0 0.0 0.0 0.0 0.0 0.0 4398949.0 5121096.0 3858691.0 2200931.0 916357.0 302649.0
0.0 0.0 0.0 0.0 0.0 0.0 0.0 0.0 0.0 0.0 0.0 0.0 0.0 0.0 1.0924833E7 1.0757705E7 7359015.0 3818981.0 1157958.0 323806.0
129874.0 380000.0 915332.0 1975464.0 3875769.0 6973818.0 1.1583559E7 1.7727994E7 2.5062589E7 3.2805996E7 3.9399757E7 4.1765751E7 3.8970497E7 3.2836846E7 2.7438027E7 1.9685073E7 1.1900605E7 5460424.0 0.0 0.0
201179.0 583204.0 1384860.0 2933057.0 5633089.0 9963673.0 1.6541289E7 2.5500402E7 3.667764E7 4.976223E7 6.3635809E7 6.9972383E7 6.6247683E7 5.5107272E7 4.1257325E7 2.7394654E7 1.5768178E7 6976400.0 0.0 0.0
193761.0 549872.0 1259285.0 2522593.0 4470130.0 7194033.0 1.1849643E7 1.8466681E7 2.7428749E7 4.055811E7 6.501772E7 7.8040212E7 7.6400443E7 6.406473E7 4.7195141E7 3.0711381E7 1.7377351E7 7593175.0 0.0 0.0
136085.0 371547.0 788656.0 1355650.0 1633646.0 0.0 0.0 0.0 0.0 0.0 4.8856204E7 6.9691474E7 7.136032E7 6.0710142E7 4.4745634E7 2.8977333E7 1.6304911E7 7100996.0 0.0 0.0
75477.0 199168.0 396710.0 610672.0 603156.0 0.0 0.0 0.0 7214377.0 1.8413176E7 4.2295734E7 5.6685498E7 5.8052716E7 4.9510139E7 3.6408099E7 2.3493734E7 1.3193194E7 5785041.0 0.0 0.0
34578.0 89635.0 172750.0 253836.0 239752.0 0.0 0.0 0.0 9075362.0 1.9774407E7 3.3173166E7 4.1566138E7 4.1812178E7 3.5218159E7 2.536261E7 1.6169715E7 9076934.0 4230739.0 1206424.0 317203.0
13501.0 35703.0 72146.0 123244.0 195908.0 378062.0 1050430.0 2949693.0 8321509.0 1.5409404E7 2.2854056E7 2.7214197E7 2.6581663E7 2.1349425E7 1.3565172E7 8280254.0 4592578.0 2200245.0 810160.0 243426.0
4357.0 12442.0 29628.0 72397.0 173446.0 446185.0 1164192.0 2795727.0 5941630.0 9996544.0 1.3867486E7 1.5841905E7 1.4730346E7 9979293.0 0.0 0.0 0.0 0.0 0.0 0.0
0.0 0.0 0.0 41446.0 124185.0 336142.0 836025.0 1847065.0 3531856.0 5611981.0 7468797.0 8269146.0 7402783.0 4625644.0 0.0 0.0 0.0 0.0 0.0 0.0
0.0 0.0 0.0 22240.0 71662.0 195439.0 471532.0 994377.0 1805511.0 2771126.0 3590367.0 3886882.0 3390522.0 2033928.0 0.0 0.0 0.0 65.0 0.0 0.0
0.0 0.0 0.0 10135.0 33805.0 92640.0 220183.0 453245.0 802358.0 1211022.0 1544190.0 1646504.0 1411755.0 828409.0 0.0 0.0 0.0 91.0 0.0 0.0
0.0 0.0 0.0 3568.0 12259.0 33950.0 80509.0 164716.0 292443.0 462968.0 592480.0 627112.0 531908.0 308174.0 0.0 0.0 0.0 65.0 0.0 0.0
0.0 0.0 0.0 0.0 0.0 0.0 0.0 0.0 0.0 138885.0 199260.0 213230.0 180024.0 103516.0 0.0 0.0 0.0 0.0 0.0 0.0
0.0 0.0 0.0 0.0 0.0 0.0 128.0 1294.0 7699.0 40082.0 59412.0 64169.0 54058.0 30919.0 0.0 0.0 0.0 0.0 0.0 0.0
0.0 0.0 0.0 0.0 0.0 0.0 26.0 565.0 2906.0 9968.0 14894.0 16185.0 13608.0 7743.0 0.0 0.0 0.0 0.0 0.0 0.0
