test_output/output4900.asc
ncols 20
nrows 20
xllcorner -180.0
yllcorner -90.0
cellsize 0.0833333
NODATA_value null
0.0 0.0 0.0 0.0 0.0 0.0 0.0 0.0 0.0 0.0 0.0 0.0 0.0 0.0 0.0 0.0 0.0 0.0 0.0 0.0
0.0 0.0 0.0 0.0 0.0 0.0 10256.0 14506.0 11982.0 6172.0 0.0 0.0 0.0 0.0 0.0 0.0 0.0 0.0 0.0 0.0
0.0 0.0 0.0 0.0 0.0 0.0 14067.0 19879.0 16398.0 8434.0 0.0 0.0 0.0 0.0 1.081570897E9 1.543744742E9 1.432587383E9 1.020220188E9 5.67333177E8 2.38117301E8
0.0 0.0 0.0 0.0 0.0 0.0 9615.0 13572.0 11174.0 5734.0 0.0 0.0 0.0 0.0 2.147483647E9 2.147483647E9 2.147483647E9 2.102868983E9 1.048506531E9 4.09985189E8
0.0 0.0 0.0 0.0 0.0 0.0 0.0 0.0 0.0 0.0 0.0 0.0 0.0 0.0 2.147483647E9 2.147483647E9 2.147483647E9 2.147483647E9 1.15508774E9 3.86377936E8
1.27526803E8 2.93312373E8 5.3419066E8 8.85464777E8 1.386160402E9 2.093369681E9 2.147483647E9 2.147483647E9 2.147483647E9 2.147483647E9 2.147483647E9 2.147483647E9 2.147483647E9 2.147483647E9 2.147483647E9 2.147483647E9 2.147483647E9 2.147483647E9 0.0 0.0
2.08543659E8 4.73629733E8 8.4472419E8 1.359875306E9 2.05539653E9 2.147483647E9 2.147483647E9 2.147483647E9 2.147483647E9 2.147483647E9 2.147483647E9 2.147483647E9 2.147483647E9 2.147483647E9 2.147483647E9 2.147483647E9 2.147483647E9 2.147483647E9 0.0 0.0
2.23523992E8 4.95709024E8 8.46952657E8 1.27164076E9 1.726215573E9 2.147483647E9 2.147483647E9 2.147483647E9 2.147483647E9 2.147483647E9 2.147483647E9 2.147483647E9 2.147483647E9 2.147483647E9 2.147483647E9 2.147483647E9 2.147483647E9 2.147483647E9 0.0 0.0
1.8761482E8 4.0212455E8 6.41729068E8 8.37983841E8 7.90980612E8 0.0 0.0 0.0 0.0 0.0 2.147483647E9 2.147483647E9 2.147483647E9 2.147483647E9 2.147483647E9 2.147483647E9 2.147483647E9 2.147483647E9 0.0 0.0
1.33327286E8 2.77529409E8 4.19787536E8 4.99998927E8 3.99270463E8 0.0 0.0 0.0 2.147483647E9 2.147483647E9 2.147483647E9 2.147483647E9 2.147483647E9 2.147483647E9 2.147483647E9 2.147483647E9 2.147483647E9 2.147483647E9 0.0 0.0
8.4155201E7 1.72999207E8 2.57803812E8 3.05400088E8 2.52333506E8 0.0 0.0 0.0 2.147483647E9 2.147483647E9 2.147483647E9 2.147483647E9 2.147483647E9 2.147483647E9 2.147483647E9 2.147483647E9 2.147483647E9 2.147483647E9 1.314749558E9 4.05471324E8
4.812121E7 1.01041249E8 1.61067135E8 2.30504141E8 3.14773346E8 4.83228192E8 1.007581399E9 2.147483647E9 2.147483647E9 2.147483647E9 2.147483647E9 2.147483647E9 2.147483647E9 2.147483647E9 2.147483647E9 2.147483647E9 2.147483647E9 2.147483647E9 9.53097589E8 3.33039557E8
2.223495E7 4.9483276E7 9.2268413E7 1.88328981E8 3.50135139E8 6.7087464E8 1.336237637E9 2.147483647E9 2.147483647E9 2.147483647E9 2.147483647E9 2.147483647E9 2.147483647E9 2.147483647E9 0.0 0.0 0.0 0.0 0.0 0.0
0.0 0.0 0.0 1.37361574E8 3.13870194E8 6.28718697E8 1.201039765E9 2.147300807E9 2.147483647E9 2.147483647E9 2.147483647E9 2.147483647E9 2.147483647E9 2.147483647E9 0.0 0.0 0.0 0.0 0.0 0.0
0.0 0.0 0.0 9.8100329E7 2.36828787E8 4.74909043E8 8.78560825E8 1.497850057E9 2.147483647E9 2.147483647E9 2.147483647E9 2.147483647E9 2.147483647E9 2.061546353E9 0.0 0.0 0.0 160.0 0.0 0.0
0.0 0.0 0.0 6.1498945E7 1.50244151E8 2.98884518E8 5.41123812E8 8.98233291E8 1.356367212E9 1.842407378E9 2.147483647E9 2.147483647E9 1.884984068E9 1.093514151E9 0.0 0.0 0.0 227.0 0.0 0.0
0.0 1.0 0.0 2.9037745E7 7.1023859E7 1.40410535E8 2.5164184E8 4.15067383E8 6.35887796E8 9.40275277E8 1.13962242E9 1.161319064E9 9.63394732E8 5.51349028E8 0.0 0.0 0.0 160.0 0.0 0.0
35.0 360.0 0.0 0.0 0.0 0.0 0.0 0.0 0.0 3.77170754E8 5.32265298E8 5.55183692E8 4.59952644E8 2.61605601E8 0.0 0.0 0.0 0.0 0.0 0.0
397.0 2676.0 13021.0 56494.0 227995.0 877521.0 3271303.0 1.1966781E7 4.3561125E7 1.60381405E8 2.30714639E8 2.43941748E8 2.02428831E8 1.14854515E8 0.0 0.0 0.0 0.0 0.0 0.0
373.0 2511.0 12260.0 52240.0 204540.0 749857.0 2584298.0 8307787.0 2.4257384E7 5.9426737E7 8.4148436E7 8.9349744E7 7.4239674E7 4.2086385E7 0.0 0.0 0.0 0.0 0.0 0.0
