test_output/output3700.asc
ncols 20
nrows 20
xllcorner -180.0
yllcorner -90.0
cellsize 0.0833333
NODATA_value null
0.0 0.0 0.0 0.0 0.0 0.0 0.0 0.0 0.0 0.0 0.0 0.0 0.0 0.0 0.0 0.0 0.0 0.0 0.0 0.0
0.0 0.0 0.0 0.0 0.0 0.0 388.0 275.0 1.0 0.0 0.0 0.0 0.0 0.0 0.0 0.0 0.0 0.0 0.0 0.0
0.0 0.0 0.0 0.0 0.0 0.0 473.0 386.0 1.0 0.0 0.0 0.0 0.0 0.0 835764.0 1039943.0 812300.0 477426.0 215154.0 74449.0
0.0 0.0 0.0 0.0 0.0 0.0 1.0 1.0 0.0 0.0 0.0 0.0 0.0 0.0 2412546.0 2752104.0 2023971.0 1124517.0 454324.0 145578.0
0.0 0.0 0.0 0.0 0.0 0.0 0.0 0.0 0.0 0.0 0.0 0.0 0.0 0.0 6120416.0 5894416.0 3934726.0 1993473.0 587770.0 159478.0
64278.0 195864.0 491952.0 1101430.0 2228187.0 4107865.0 6945460.0 1.0753884E7 1.5289406E7 2.0011813E7 2.3913065E7 2.5126396E7 2.3148809E7 1.9164125E7 1.563746E7 1.0942037E7 6451457.0 2898359.0 0.0 0.0
98906.0 298861.0 740866.0 1630076.0 3233045.0 5866957.0 9918227.0 1.5466798E7 2.2360871E7 3.0305901E7 3.8511082E7 4.1955522E7 3.9230109E7 3.2104416E7 2.3548579E7 1.5275537E7 8583403.0 3722518.0 0.0 0.0
93858.0 278027.0 665949.0 1389212.0 2551093.0 4231196.0 7104227.0 1.1197747E7 1.670313E7 2.462211E7 3.9097892E7 4.6479402E7 4.4953175E7 3.7111266E7 2.6817082E7 1.7065484E7 9433111.0 4042262.0 0.0 0.0
64114.0 182939.0 406419.0 727230.0 906555.0 0.0 0.0 0.0 0.0 0.0 2.8975024E7 4.1034447E7 4.155798E7 3.4836096E7 2.5203995E7 1.5971082E7 8781813.0 3750717.0 0.0 0.0
34121.0 94354.0 197066.0 315909.0 322320.0 0.0 0.0 0.0 4117174.0 1.0612171E7 2.4617707E7 3.2869434E7 3.334411E7 2.8046796E7 2.0262365E7 1.2799827E7 7023924.0 3017956.0 0.0 0.0
14743.0 40263.0 81606.0 124805.0 121095.0 0.0 0.0 0.0 5093773.0 1.120047E7 1.8922401E7 2.3662291E7 2.3613352E7 1.9646341E7 1.3922601E7 8695587.0 4767914.0 2170805.0 603081.0 154241.0
5298.0 14927.0 31904.0 56795.0 93395.0 187811.0 544250.0 1577151.0 4556113.0 8534954.0 1.2742343E7 1.5163666E7 1.4723147E7 1.1716916E7 7356910.0 4405216.0 2386118.0 1114564.0 399460.0 116821.0
1537.0 4802.0 12281.0 31554.0 79801.0 216003.0 587082.0 1454106.0 3161769.0 5390407.0 7531688.0 8611690.0 7980988.0 5384433.0 0.0 0.0 0.0 0.0 0.0 0.0
0.0 0.0 0.0 17289.0 54981.0 157063.0 407376.0 929197.0 1818775.0 2932717.0 3935098.0 4366838.0 3904003.0 2434951.0 0.0 0.0 0.0 0.0 0.0 0.0
0.0 0.0 0.0 8748.0 30188.0 87341.0 220455.0 480999.0 895276.0 1396480.0 1826275.0 1984115.0 1730685.0 1037438.0 0.0 0.0 0.0 59.0 0.0 0.0
0.0 0.0 0.0 3679.0 13374.0 39252.0 98128.0 209670.0 381185.0 585320.0 754095.0 807731.0 693165.0 406650.0 0.0 0.0 0.0 84.0 0.0 0.0
0.0 0.0 0.0 1169.0 4523.0 13617.0 34215.0 72929.0 133078.0 213596.0 275995.0 293581.0 249337.0 144445.0 0.0 0.0 0.0 59.0 0.0 0.0
0.0 0.0 0.0 0.0 0.0 0.0 0.0 0.0 0.0 60987.0 87860.0 94377.0 79760.0 45839.0 0.0 0.0 0.0 0.0 0.0 0.0
0.0 0.0 0.0 0.0 0.0 0.0 1.0 396.0 2884.0 16361.0 24414.0 26459.0 22290.0 12722.0 0.0 0.0 0.0 0.0 0.0 0.0
0.0 0.0 0.0 0.0 0.0 0.0 0.0 119.0 951.0 3688.0 5596.0 6108.0 5123.0 2895.0 0.0 0.0 0.0 0.0 0.0 0.0
