test_output/output4200.asc
ncols 20
nrows 20
xllcorner -180.0
yllcorner -90.0
cellsize 0.0833333
NODATA_value null
0.0 0.0 0.0 0.0 0.0 0.0 0.0 0.0 0.0 0.0 0.0 0.0 0.0 0.0 0.0 0.0 0.0 0.0 0.0 0.0
0.0 0.0 0.0 0.0 0.0 0.0 1142.0 1229.0 548.0 30.0 0.0 0.0 0.0 0.0 0.0 0.0 0.0 0.0 0.0 0.0
0.0 0.0 0.0 0.0 0.0 0.0 1388.0 1490.0 657.0 57.0 0.0 0.0 0.0 0.0 1.7629638E7 2.3684392E7 2.0386708E7 1.3369192E7 6805604.0 2642759.0
0.0 0.0 0.0 0.0 0.0 0.0 732.0 761.0 293.0 1.0 0.0 0.0 0.0 0.0 4.6835399E7 5.8119261E7 4.7202451E7 2.9155795E7 1.3277465E7 4780633.0
0.0 0.0 0.0 0.0 0.0 0.0 0.0 0.0 0.0 0.0 0.0 0.0 0.0 0.0 1.08551018E8 1.14823791E8 8.4823841E7 4.7389835E7 1.5659974E7 4788340.0
1824698.0 4740850.0 1.0016649E7 1.9181145E7 3.4009801E7 5.6502536E7 8.8691352E7 1.31130494E8 1.82902573E8 2.4089832E8 2.95860449E8 3.24418587E8 3.1696518E8 2.84185738E8 2.57509597E8 2.00579463E8 1.31292571E8 6.4269994E7 0.0 0.0
2892817.0 7430398.0 1.5422147E7 2.8845347E7 4.978486E7 8.089285E7 1.26722481E8 1.88828004E8 2.68519498E8 3.67976487E8 4.83438902E8 5.50489353E8 5.44957203E8 4.7982101E8 3.8510723E8 2.76189844E8 1.7165215E8 8.0742656E7 0.0 0.0
2922544.0 7329750.0 1.460641E7 2.5654662E7 4.03766E7 5.8714748E7 9.0886385E7 1.3698288E8 2.01885963E8 3.0392072E8 5.06362887E8 6.29606223E8 6.43206926E8 5.6900123E8 4.47266258E8 3.13209915E8 1.90901425E8 8.8551228E7 0.0 0.0
2230956.0 5382642.0 9952037.0 1.5056461E7 1.6244455E7 0.0 0.0 0.0 0.0 0.0 4.00746439E8 5.86080802E8 6.22983996E8 5.57075839E8 4.36654749E8 3.03540837E8 1.83719983E8 8.4923344E7 0.0 0.0
1393081.0 3243628.0 5628551.0 7653756.0 6830917.0 0.0 0.0 0.0 6.7589339E7 1.66955783E8 3.70835731E8 5.02973572E8 5.31447144E8 4.74315135E8 3.69567942E8 2.55397843E8 1.54210986E8 7.1938884E7 0.0 0.0
747364.0 1703514.0 2863767.0 3757261.0 3293935.0 0.0 0.0 0.0 8.9926306E7 1.90143355E8 3.11608901E8 3.92672647E8 4.05034722E8 3.54739567E8 2.6891952E8 1.83038228E8 1.10577711E8 5.5359598E7 1.7078962E7 4867536.0
356060.0 821111.0 1447457.0 2228581.0 3246553.0 5574397.0 1.3559515E7 3.4350569E7 8.9597528E7 1.59690532E8 2.31703624E8 2.76100589E8 2.74403159E8 2.26524571E8 1.4928827E8 9.680851E7 5.7797635E7 2.9902566E7 1.192924E7 3872060.0
140844.0 343328.0 703090.0 1535079.0 3201320.0 7112973.0 1.6354012E7 3.5584357E7 7.0247528E7 1.13197579E8 1.53323708E8 1.74322121E8 1.63368421E8 1.11839044E8 0.0 0.0 0.0 0.0 0.0 0.0
0.0 0.0 0.0 990565.0 2560542.0 5957799.0 1.3061588E7 2.6141027E7 4.6438562E7 7.0402446E7 9.1202042E7 1.00007827E8 8.9628115E7 5.6159808E7 0.0 0.0 0.0 0.0 0.0 0.0
0.0 0.0 0.0 616829.0 1693672.0 3943111.0 8350790.0 1.5903831E7 2.6771712E7 3.9072334E7 4.9118048E7 5.2454819E7 4.560142E7 2.7334722E7 0.0 0.0 0.0 90.0 0.0 0.0
0.0 0.0 0.0 335504.0 935796.0 2162502.0 4477423.0 8285772.0 1.3570414E7 1.9463333E7 2.4034895E7 2.5208731E7 2.1479203E7 1.2572504E7 0.0 0.0 0.0 127.0 0.0 0.0
0.0 0.0 0.0 140893.0 394590.0 907033.0 1857371.0 3403770.0 5605212.0 8555897.0 1.0654662E7 1.1091539E7 9336590.0 5392295.0 0.0 0.0 0.0 90.0 0.0 0.0
0.0 0.0 0.0 0.0 0.0 0.0 0.0 0.0 0.0 2959386.0 4205507.0 4447423.0 3729846.0 2138880.0 0.0 0.0 0.0 0.0 0.0 0.0
0.0 0.0 0.0 1.0 303.0 2227.0 11706.0 54583.0 240843.0 1038410.0 1515613.0 1620738.0 1358602.0 776239.0 0.0 0.0 0.0 0.0 0.0 0.0
0.0 0.0 0.0 0.0 211.0 1625.0 8020.0 32774.0 114626.0 321265.0 466106.0 500909.0 419986.0 239515.0 0.0 0.0 0.0 0.0 0.0 0.0
