test_output/output3600.asc
ncols 20
nrows 20
xllcorner -180.0
yllcorner -90.0
cellsize 0.0833333
NODATA_value null
0.0 0.0 0.0 0.0 0.0 0.0 0.0 0.0 0.0 0.0 0.0 0.0 0.0 0.0 0.0 0.0 0.0 0.0 0.0 0.0
0.0 0.0 0.0 0.0 0.0 0.0 324.0 179.0 0.0 0.0 0.0 0.0 0.0 0.0 0.0 0.0 0.0 0.0 0.0 0.0
0.0 0.0 0.0 0.0 0.0 0.0 420.0 322.0 1.0 0.0 0.0 0.0 0.0 0.0 445963.0 543285.0 412956.0 235179.0 102188.0 34073.0
0.0 0.0 0.0 0.0 0.0 0.0 1.0 1.0 0.0 0.0 0.0 0.0 0.0 0.0 1316636.0 1468381.0 1050888.0 566734.0 221198.0 68388.0
0.0 0.0 0.0 0.0 0.0 0.0 0.0 0.0 0.0 0.0 0.0 0.0 0.0 0.0 3418995.0 3213411.0 2087493.0 1029376.0 294074.0 77059.0
31041.0 99200.0 261181.0 608893.0 1273704.0 2411351.0 4157697.0 6522375.0 9336331.0 1.2227944E7 1.4542257E7 1.5143477E7 1.3767719E7 1.1187132E7 8899278.0 6060172.0 3475551.0 1524777.0 0.0 0.0
47426.0 150454.0 391481.0 898256.0 1845167.0 3443099.0 5937884.0 9380515.0 1.3646922E7 1.848929E7 2.3352629E7 2.5201024E7 2.3257615E7 1.8705761E7 1.3422579E7 8489181.0 4645110.0 1969781.0 0.0 0.0
44268.0 137940.0 347605.0 758295.0 1447624.0 2480510.0 4253093.0 6790293.0 1.0183427E7 1.4975251E7 2.3557203E7 2.7726504E7 2.6473304E7 2.1493595E7 1.5212333E7 9448321.0 5089604.0 2133632.0 0.0 0.0
29272.0 88069.0 206144.0 385760.0 499138.0 0.0 0.0 0.0 0.0 0.0 1.7211366E7 2.4188227E7 2.4210098E7 1.9973084E7 1.416332E7 8764277.0 4697662.0 1962733.0 0.0 0.0
14819.0 43433.0 95908.0 161014.0 170389.0 0.0 0.0 0.0 2347246.0 6115355.0 1.4337056E7 1.9063952E7 1.9140712E7 1.5859332E7 1.1238019E7 6935168.0 3709331.0 1557630.0 0.0 0.0
5944.0 17387.0 37481.0 60102.0 60203.0 0.0 0.0 0.0 2852274.0 6334696.0 1.0784617E7 1.3455252E7 1.3309538E7 1.0924226E7 7605344.0 4643331.0 2480137.0 1099653.0 296552.0 73438.0
1899.0 5879.0 13531.0 25376.0 43525.0 91915.0 279230.0 837676.0 2483440.0 4711577.0 7085407.0 8424584.0 8124395.0 6398540.0 3964452.0 2323701.0 1225729.0 556326.0 193280.0 54744.0
453.0 1683.0 4786.0 13175.0 35694.0 102627.0 292177.0 749089.0 1670559.0 2890014.0 4070074.0 4657195.0 4298712.0 2885655.0 0.0 0.0 0.0 0.0 0.0 0.0
0.0 0.0 0.0 6830.0 23491.0 71628.0 195031.0 461246.0 926844.0 1519194.0 2056913.0 2287756.0 2041215.0 1269916.0 0.0 0.0 0.0 0.0 0.0 0.0
0.0 0.0 0.0 3194.0 12132.0 37795.0 100653.0 228444.0 437416.0 694895.0 918247.0 1001220.0 872825.0 522495.0 0.0 0.0 0.0 55.0 0.0 0.0
0.0 0.0 0.0 1189.0 4948.0 15908.0 42334.0 94578.0 177402.0 277906.0 362267.0 389897.0 334713.0 196195.0 0.0 0.0 0.0 77.0 0.0 0.0
0.0 0.0 0.0 304.0 1505.0 5129.0 13908.0 31202.0 58875.0 96111.0 125627.0 134359.0 114201.0 66103.0 0.0 0.0 0.0 55.0 0.0 0.0
0.0 0.0 0.0 0.0 0.0 0.0 0.0 0.0 0.0 25869.0 37474.0 40430.0 34178.0 19608.0 0.0 0.0 0.0 0.0 0.0 0.0
0.0 0.0 0.0 0.0 0.0 0.0 0.0 75.0 978.0 6324.0 9528.0 10371.0 8723.0 4951.0 0.0 0.0 0.0 0.0 0.0 0.0
0.0 0.0 0.0 0.0 0.0 0.0 0.0 1.0 245.0 1229.0 1916.0 2105.0 1752.0 970.0 0.0 0.0 0.0 0.0 0.0 0.0
