proto_test_result_1/output4600.asc
ncols 20
nrows 20
xllcorner -180.0
yllcorner -90.0
cellsize 0.0833333
NODATA_value null
0.0 0.0 0.0 0.0 0.0 0.0 0.0 0.0 0.0 0.0 0.0 0.0 0.0 0.0 0.0 0.0 0.0 0.0 0.0 0.0
0.0 0.0 0.0 0.0 0.0 0.0 3685.0 4773.0 3369.0 1413.0 0.0 0.0 0.0 0.0 0.0 0.0 0.0 0.0 0.0 0.0
0.0 0.0 0.0 0.0 0.0 0.0 4883.0 6311.0 4435.0 1849.0 0.0 0.0 0.0 0.0 1.88099187E8 2.62782208E8 2.37489619E8 1.6432104E8 8.8618465E7 3.6221879E7
0.0 0.0 0.0 0.0 0.0 0.0 3183.0 4094.0 2848.0 1166.0 0.0 0.0 0.0 0.0 4.78357245E8 6.20531663E8 5.30328172E8 3.45422286E8 1.66838589E8 6.3407536E7
0.0 0.0 0.0 0.0 0.0 0.0 0.0 0.0 0.0 0.0 0.0 0.0 0.0 0.0 1.054095433E9 1.173896736E9 9.14677597E8 5.37131203E8 1.8822475E8 6.1011105E7
2.1519803E7 5.1693466E7 9.9439528E7 1.74037441E8 2.85618973E8 4.46978386E8 6.74486527E8 9.77407147E8 1.360220425E9 1.815412802E9 2.147483647E9 2.147483647E9 2.147483647E9 2.147483647E9 2.147483647E9 1.982438572E9 1.372183863E9 7.01585725E8 0.0 0.0
3.4766506E7 8.2486699E7 1.55543865E8 2.64951179E8 4.21194199E8 6.41603287E8 9.64812848E8 1.409892202E9 2.004628349E9 2.147483647E9 2.147483647E9 2.147483647E9 2.147483647E9 2.147483647E9 2.147483647E9 2.147483647E9 1.776268233E9 8.70594332E8 0.0 0.0
3.6426634E7 8.4360822E7 1.52455633E8 2.42759305E8 3.48644318E8 4.68382058E8 6.93238797E8 1.02536861E9 1.51661544E9 2.147483647E9 2.147483647E9 2.147483647E9 2.147483647E9 2.147483647E9 2.147483647E9 2.147483647E9 1.988456193E9 9.59999972E8 0.0 0.0
2.9501686E7 6.588736E7 1.10863406E8 1.52867715E8 1.51745654E8 0.0 0.0 0.0 0.0 0.0 2.147483647E9 2.147483647E9 2.147483647E9 2.147483647E9 2.147483647E9 2.147483647E9 1.948840021E9 9.37353326E8 0.0 0.0
1.9977397E7 4.3194437E7 6.855296E7 8.5616915E7 7.116782E7 0.0 0.0 0.0 6.30514722E8 1.518488653E9 2.147483647E9 2.147483647E9 2.147483647E9 2.147483647E9 2.147483647E9 2.147483647E9 1.678345047E9 8.15913981E8 0.0 0.0
1.1876692E7 2.5248508E7 3.916031E7 4.7974555E7 4.034742E7 0.0 0.0 0.0 8.76513106E8 1.810711028E9 2.147483647E9 2.147483647E9 2.147483647E9 2.147483647E9 2.147483647E9 1.947636805E9 1.237584422E9 6.49890996E8 2.11241966E8 6.3389408E7
6361850.0 1.3746547E7 2.2595333E7 3.3019326E7 4.5969545E7 7.3361647E7 1.61997853E8 3.79401667E8 9.31388708E8 1.61121826E9 2.147483647E9 2.147483647E9 2.147483647E9 2.147483647E9 1.555806159E9 1.052149418E9 6.60643054E8 3.59732396E8 1.51197333E8 5.1508177E7
2786849.0 6367120.0 1.2191207E7 2.5331922E7 4.8904384E7 9.876856E7 2.07471064E8 4.1963878E8 7.83732563E8 1.221728616E9 1.623386789E9 1.834268949E9 1.7228303E9 1.184406532E9 0.0 0.0 0.0 0.0 0.0 0.0
0.0 0.0 0.0 1.7669583E7 4.2077646E7 8.8884219E7 1.78586096E8 3.32985481E8 5.60603399E8 8.20456436E8 1.040321439E9 1.1293538E9 1.009064865E9 6.31382551E8 0.0 0.0 0.0 0.0 0.0 0.0
0.0 0.0 0.0 1.2027557E7 3.0313524E7 6.4052886E7 1.24425167E8 2.20917475E8 3.52610608E8 4.96214841E8 6.09438083E8 6.42507786E8 5.55047592E8 3.3144384E8 0.0 0.0 0.0 125.0 0.0 0.0
0.0 0.0 0.0 7188263.0 1.834558E7 3.8429991E7 7.2969812E7 1.2595746E8 1.95877648E8 2.71397014E8 3.27433286E8 3.38538392E8 2.86113165E8 1.66659106E8 0.0 0.0 0.0 177.0 0.0 0.0
0.0 0.0 0.0 3268275.0 8352727.0 1.7379396E7 3.2631272E7 5.5864317E7 8.7793344E7 1.31221521E8 1.60582827E8 1.64988966E8 1.37707648E8 7.9125681E7 0.0 0.0 0.0 125.0 0.0 0.0
0.0 0.0 0.0 0.0 0.0 0.0 0.0 0.0 0.0 4.9891532E7 7.0565211E7 7.398289E7 6.1597464E7 3.5157608E7 0.0 0.0 0.0 0.0 0.0 0.0
0.0 22.0 642.0 3909.0 18801.0 81411.0 332423.0 1311579.0 5092623.0 1.9805189E7 2.8642271E7 3.0412609E7 2.5339949E7 1.4420067E7 0.0 0.0 0.0 0.0 0.0 0.0
0.0 13.0 572.0 3477.0 16280.0 67083.0 252349.0 870406.0 2692591.0 6898517.0 9853827.0 1.0510093E7 8764722.0 4981537.0 0.0 0.0 0.0 0.0 0.0 0.0
