proto_test_result_1/output4800.asc
ncols 20
nrows 20
xllcorner -180.0
yllcorner -90.0
cellsize 0.0833333
NODATA_value null
0.0 0.0 0.0 0.0 0.0 0.0 0.0 0.0 0.0 0.0 0.0 0.0 0.0 0.0 0.0 0.0 0.0 0.0 0.0 0.0
0.0 0.0 0.0 0.0 0.0 0.0 7213.0 9948.0 7878.0 3864.0 0.0 0.0 0.0 0.0 0.0 0.0 0.0 0.0 0.0 0.0
0.0 0.0 0.0 0.0 0.0 0.0 9805.0 13506.0 10673.0 5222.0 0.0 0.0 0.0 0.0 6.04943698E8 8.57812924E8 7.89652185E8 5.57445057E8 3.07122225E8 1.2787883E8
0.0 0.0 0.0 0.0 0.0 0.0 6627.0 9111.0 7176.0 3496.0 0.0 0.0 0.0 0.0 1.512575928E9 1.996063074E9 1.739402322E9 1.155886314E9 5.70780611E8 2.21273911E8
0.0 0.0 0.0 0.0 0.0 0.0 0.0 0.0 0.0 0.0 0.0 0.0 0.0 0.0 2.147483647E9 2.147483647E9 2.147483647E9 1.767083167E9 6.33365254E8 2.09842547E8
7.0849665E7 1.65143663E8 3.05929586E8 5.15840284E8 8.19628994E8 1.251650096E9 1.86066095E9 2.147483647E9 2.147483647E9 2.147483647E9 2.147483647E9 2.147483647E9 2.147483647E9 2.147483647E9 2.147483647E9 2.147483647E9 2.147483647E9 2.147483647E9 0.0 0.0
1.15410466E8 2.65648475E8 4.82062097E8 7.89937931E8 1.213130061E9 1.799187303E9 2.147483647E9 2.147483647E9 2.147483647E9 2.147483647E9 2.147483647E9 2.147483647E9 2.147483647E9 2.147483647E9 2.147483647E9 2.147483647E9 2.147483647E9 2.147483647E9 0.0 0.0
1.22809931E8 2.75985775E8 4.79809854E8 7.33797679E8 1.014000898E9 1.317306149E9 1.915767287E9 2.147483647E9 2.147483647E9 2.147483647E9 2.147483647E9 2.147483647E9 2.147483647E9 2.147483647E9 2.147483647E9 2.147483647E9 2.147483647E9 2.147483647E9 0.0 0.0
1.01923764E8 2.21204941E8 3.58810991E8 4.76557525E8 4.57001515E8 0.0 0.0 0.0 0.0 0.0 2.147483647E9 2.147483647E9 2.147483647E9 2.147483647E9 2.147483647E9 2.147483647E9 2.147483647E9 2.147483647E9 0.0 0.0
7.1338369E7 1.50200382E8 2.3053524E8 2.78604603E8 2.25237837E8 0.0 0.0 0.0 1.925335279E9 2.147483647E9 2.147483647E9 2.147483647E9 2.147483647E9 2.147483647E9 2.147483647E9 2.147483647E9 2.147483647E9 2.147483647E9 0.0 0.0
4.4190393E7 9.1746056E7 1.38348028E8 1.65511308E8 1.37422529E8 0.0 0.0 0.0 2.147483647E9 2.147483647E9 2.147483647E9 2.147483647E9 2.147483647E9 2.147483647E9 2.147483647E9 2.147483647E9 2.147483647E9 2.147483647E9 7.17932712E8 2.19585144E8
2.4761521E7 5.2421001E7 8.4292455E7 1.21316592E8 1.66565196E8 2.58731447E8 5.49254796E8 1.244524649E9 2.147483647E9 2.147483647E9 2.147483647E9 2.147483647E9 2.147483647E9 2.147483647E9 2.147483647E9 2.147483647E9 2.147483647E9 1.209733268E9 5.18454131E8 1.79778582E8
1.1256004E7 2.5234102E7 4.7393889E7 9.7187312E7 1.82714947E8 3.55794823E8 7.20543099E8 1.413921878E9 2.147483647E9 2.147483647E9 2.147483647E9 2.147483647E9 2.147483647E9 2.147483647E9 0.0 0.0 0.0 0.0 0.0 0.0
0.0 0.0 0.0 6.9906562E7 1.61728476E8 3.29286848E8 6.3899717E8 1.157585954E9 1.906158783E9 2.147483647E9 2.147483647E9 2.147483647E9 2.147483647E9 2.076532871E9 0.0 0.0 0.0 0.0 0.0 0.0
0.0 0.0 0.0 4.9197273E7 1.20316247E8 2.45161126E8 4.60445047E8 7.94997188E8 1.241939864E9 1.721686081E9 2.093432436E9 2.147483647E9 1.888037403E9 1.124726313E9 0.0 0.0 0.0 148.0 0.0 0.0
0.0 0.0 0.0 3.0400957E7 7.5249056E7 1.52065955E8 2.79374241E8 4.69390241E8 7.15293191E8 9.77623834E8 1.168186039E9 1.199978451E9 1.009886232E9 5.86659488E8 0.0 0.0 0.0 209.0 0.0 0.0
0.0 0.0 0.0 1.4194343E7 3.5175704E7 7.062575E7 1.2839025E8 2.14208655E8 3.30747945E8 4.90660674E8 5.96454231E8 6.09394303E8 5.06541578E8 2.90276543E8 0.0 0.0 0.0 148.0 0.0 0.0
0.0 66.0 0.0 0.0 0.0 0.0 0.0 0.0 0.0 1.93581508E8 2.73365446E8 2.85595293E8 2.36984872E8 1.3494339E8 0.0 0.0 0.0 0.0 0.0 0.0
68.0 916.0 5197.0 24155.0 101824.0 404827.0 1549638.0 5798444.0 2.1524748E7 8.0586648E7 1.16120175E8 1.22940254E8 1.02151425E8 5.801451E7 0.0 0.0 0.0 0.0 0.0 0.0
60.0 855.0 4844.0 22132.0 90506.0 342450.0 1210195.0 3972196.0 1.1800915E7 2.9304163E7 4.1607425E7 4.4241719E7 3.680287E7 2.088091E7 0.0 0.0 0.0 0.0 0.0 0.0
