proto_test_result_1/output4700.asc
ncols 20
nrows 20
xllcorner -180.0
yllcorner -90.0
cellsize 0.0833333
NODATA_value null
0.0 0.0 0.0 0.0 0.0 0.0 0.0 0.0 0.0 0.0 0.0 0.0 0.0 0.0 0.0 0.0 0.0 0.0 0.0 0.0
0.0 0.0 0.0 0.0 0.0 0.0 5125.0 6865.0 5163.0 2371.0 0.0 0.0 0.0 0.0 0.0 0.0 0.0 0.0 0.0 0.0
0.0 0.0 0.0 0.0 0.0 0.0 6889.0 9212.0 6906.0 3159.0 0.0 0.0 0.0 0.0 3.37692228E8 4.75449063E8 4.3383728E8 3.03341798E8 1.65432062E8 6.8279101E7
0.0 0.0 0.0 0.0 0.0 0.0 4585.0 6113.0 4557.0 2067.0 0.0 0.0 0.0 0.0 8.51250652E8 1.114152651E9 9.61898308E8 6.33113533E8 3.09347334E8 1.18797002E8
0.0 0.0 0.0 0.0 0.0 0.0 0.0 0.0 0.0 0.0 0.0 0.0 0.0 0.0 1.856255941E9 2.089129556E9 1.645334196E9 9.75809189E8 3.45991089E8 1.13439468E8
3.9159369E7 9.2604188E7 1.74699976E8 2.99946417E8 4.84138811E8 7.48140287E8 1.120129899E9 1.617885078E9 2.147483647E9 2.147483647E9 2.147483647E9 2.147483647E9 2.147483647E9 2.147483647E9 2.147483647E9 2.147483647E9 2.147483647E9 1.264780081E9 0.0 0.0
6.3531255E7 1.48373787E8 2.74283655E8 4.57987046E8 7.15260253E8 1.074650549E9 1.602827533E9 2.147483647E9 2.147483647E9 2.147483647E9 2.147483647E9 2.147483647E9 2.147483647E9 2.147483647E9 2.147483647E9 2.147483647E9 2.147483647E9 1.565396596E9 0.0 0.0
6.709517E7 1.5296673E8 2.7094694E8 4.22557885E8 5.94970856E8 7.8566646E8 1.152266649E9 1.699337692E9 2.147483647E9 2.147483647E9 2.147483647E9 2.147483647E9 2.147483647E9 2.147483647E9 2.147483647E9 2.147483647E9 2.147483647E9 1.72803887E9 0.0 0.0
5.5026602E7 1.21066628E8 1.99866732E8 2.70306413E8 2.63595109E8 0.0 0.0 0.0 0.0 0.0 2.147483647E9 2.147483647E9 2.147483647E9 2.147483647E9 2.147483647E9 2.147483647E9 2.147483647E9 1.693447654E9 0.0 0.0
3.7901017E7 8.0811851E7 1.2603137E8 1.54731071E8 1.26772999E8 0.0 0.0 0.0 1.10177677E9 2.147483647E9 2.147483647E9 2.147483647E9 2.147483647E9 2.147483647E9 2.147483647E9 2.147483647E9 2.147483647E9 1.48214317E9 0.0 0.0
2.3015011E7 4.831742E7 7.3833317E7 8.9319999E7 7.459846E7 0.0 0.0 0.0 1.546338499E9 2.147483647E9 2.147483647E9 2.147483647E9 2.147483647E9 2.147483647E9 2.147483647E9 2.147483647E9 2.147483647E9 1.188668267E9 3.90356767E8 1.18313646E8
1.261938E7 2.6970296E7 4.3810519E7 6.3490876E7 8.7730162E7 1.38040827E8 2.98689494E8 6.87766746E8 1.666235388E9 2.147483647E9 2.147483647E9 2.147483647E9 2.147483647E9 2.147483647E9 2.147483647E9 1.895076703E9 1.201932971E9 6.61096739E8 2.80706315E8 9.6520212E7
5635836.0 1.2744709E7 2.4147134E7 4.9809202E7 9.4819805E7 1.87898257E8 3.87316218E8 7.71295347E8 1.423412932E9 2.147483647E9 2.147483647E9 2.147483647E9 2.147483647E9 2.123570668E9 0.0 0.0 0.0 0.0 0.0 0.0
0.0 0.0 0.0 3.52998E7 8.2792614E7 1.71570905E8 3.38577369E8 6.21985343E8 1.035284608E9 1.503656074E9 1.89746795E9 2.054626286E9 1.833705929E9 1.146551531E9 0.0 0.0 0.0 0.0 0.0 0.0
0.0 0.0 0.0 2.4449456E7 6.0653045E7 1.25755807E8 2.40051096E8 4.2009929E8 6.63136571E8 9.26026424E8 1.131508311E9 1.189211445E9 1.025494455E9 6.11649236E8 0.0 0.0 0.0 136.0 0.0 0.0
0.0 0.0 0.0 1.4870709E7 3.7345315E7 7.6773919E7 1.43297402E8 2.43911202E8 3.75342017E8 5.16389834E8 6.19936637E8 6.38848884E8 5.38781036E8 3.13414413E8 0.0 0.0 0.0 192.0 0.0 0.0
0.0 0.0 0.0 6856885.0 1.7241355E7 3.5209561E7 6.5004353E7 1.09803619E8 1.70982563E8 2.54556745E8 3.10435842E8 3.18038862E8 2.64899552E8 1.52005149E8 0.0 0.0 0.0 136.0 0.0 0.0
0.0 1.0 0.0 0.0 0.0 0.0 0.0 0.0 0.0 9.8658547E7 1.39423758E8 1.45910612E8 1.21276103E8 6.9137664E7 0.0 0.0 0.0 0.0 0.0 0.0
1.0 256.0 1939.0 9964.0 44409.0 183461.0 723635.0 2776311.0 1.0529042E7 4.0142972E7 5.7945682E7 6.1435318E7 5.1116051E7 2.9058885E7 0.0 0.0 0.0 0.0 0.0 0.0
0.0 231.0 1778.0 9019.0 39024.0 153355.0 557749.0 1873742.0 5674172.0 1.4300918E7 2.0363997E7 2.1685748E7 1.8061508E7 1.0256422E7 0.0 0.0 0.0 0.0 0.0 0.0
