proto_test_result_1/output4100.asc
ncols 20
nrows 20
xllcorner -180.0
yllcorner -90.0
cellsize 0.0833333
NODATA_value null
0.0 0.0 0.0 0.0 0.0 0.0 0.0 0.0 0.0 0.0 0.0 0.0 0.0 0.0 0.0 0.0 0.0 0.0 0.0 0.0
0.0 0.0 0.0 0.0 0.0 0.0 891.0 900.0 320.0 1.0 0.0 0.0 0.0 0.0 0.0 0.0 0.0 0.0 0.0 0.0
0.0 0.0 0.0 0.0 0.0 0.0 1055.0 1067.0 379.0 1.0 0.0 0.0 0.0 0.0 9673735.0 1.2836983E7 1.0880129E7 7013455.0 3504006.0 1337707.0
0.0 0.0 0.0 0.0 0.0 0.0 489.0 469.0 110.0 0.0 0.0 0.0 0.0 0.0 2.6049881E7 3.188382E7 2.5483581E7 1.5477771E7 6917308.0 2446989.0
0.0 0.0 0.0 0.0 0.0 0.0 0.0 0.0 0.0 0.0 0.0 0.0 0.0 0.0 6.1302296E7 6.3835837E7 4.6382448E7 2.5509502E7 8276231.0 2483796.0
961897.0 2561968.0 5569252.0 1.0951589E7 1.9862581E7 3.3589247E7 5.3375329E7 7.947547E7 1.11093062E8 1.45980114E8 1.78238051E8 1.93837795E8 1.87339607E8 1.65568518E8 1.47291571E8 1.12655148E8 7.2479805E7 3.4995447E7 0.0 0.0
1516863.0 3995651.0 8538666.0 1.6417515E7 2.9022551E7 4.8060445E7 7.6246705E7 1.14405108E8 1.62953934E8 2.22584716E8 2.90401049E8 3.27898779E8 3.21233505E8 2.79166249E8 2.20559255E8 1.55493873E8 9.5040519E7 4.4127758E7 0.0 0.0
1516278.0 3901257.0 8010767.0 1.4485413E7 2.341318E7 3.4835725E7 5.46644E7 8.2950254E7 1.22340585E8 1.83217809E8 3.02320332E8 3.72770189E8 3.77092755E8 3.29546291E8 2.5528697E8 1.75887483E8 1.05486488E8 4.831442E7 0.0 0.0
1137009.0 2813225.0 5356363.0 8333153.0 9214278.0 0.0 0.0 0.0 0.0 0.0 2.36305165E8 3.43626261E8 3.62179608E8 3.20252831E8 2.47600093E8 1.69452054E8 1.00955455E8 4.6080844E7 0.0 0.0
692567.0 1653085.0 2951850.0 4121663.0 3759937.0 0.0 0.0 0.0 3.8657768E7 9.6194535E7 2.15305277E8 2.9127188E8 3.05638495E8 2.7004904E8 2.07742528E8 1.41427155E8 8.4069988E7 3.8707725E7 0.0 0.0
359790.0 840365.0 1451710.0 1948952.0 1734023.0 0.0 0.0 0.0 5.0785802E7 1.08108172E8 1.78103866E8 2.241887E8 2.30002979E8 1.99746295E8 1.49742704E8 1.00483264E8 5.9754191E7 2.9465689E7 8940784.0 2505960.0
164964.0 389765.0 704817.0 1106557.0 1638979.0 2882160.0 7217356.0 1.8708296E7 4.9662966E7 8.9277783E7 1.30180855E8 1.55136788E8 1.53642229E8 1.26113568E8 8.247125E7 5.2786334E7 3.1021579E7 1.579085E7 6194934.0 1979237.0
62970.0 157489.0 331074.0 737275.0 1579243.0 3617108.0 8547025.0 1.9004805E7 3.8134844E7 6.2044656E7 8.4493674E7 9.6195273E7 9.0033088E7 6.1519524E7 0.0 0.0 0.0 0.0 0.0 0.0
0.0 0.0 0.0 464249.0 1234396.0 2962563.0 6671688.0 1.3641115E7 2.4625129E7 3.7721265E7 4.9163621E7 5.4043245E7 4.8445403E7 3.0349982E7 0.0 0.0 0.0 0.0 0.0 0.0
0.0 0.0 0.0 280755.0 794210.0 1908537.0 4153174.0 8082518.0 1.3828295E7 2.0403546E7 2.5822474E7 2.766882E7 2.4083416E7 1.4444828E7 0.0 0.0 0.0 83.0 0.0 0.0
0.0 0.0 0.0 147807.0 425564.0 1016354.0 2163921.0 4093655.0 6814443.0 9879213.0 1.2284861E7 1.2935085E7 1.1041784E7 6469342.0 0.0 0.0 0.0 117.0 0.0 0.0
0.0 0.0 0.0 60279.0 174619.0 415434.0 875471.0 1640234.0 2742434.0 4216121.0 5279797.0 5517013.0 4653764.0 2690717.0 0.0 0.0 0.0 83.0 0.0 0.0
0.0 0.0 0.0 0.0 0.0 0.0 0.0 0.0 0.0 1415672.0 2015255.0 2136691.0 1795233.0 1030537.0 0.0 0.0 0.0 0.0 0.0 0.0
0.0 0.0 0.0 0.0 41.0 754.0 4616.0 23133.0 106954.0 477516.0 699020.0 749100.0 628893.0 359618.0 0.0 0.0 0.0 0.0 0.0 0.0
0.0 0.0 0.0 0.0 5.0 504.0 3006.0 13336.0 48991.0 141878.0 206917.0 222876.0 187110.0 106768.0 0.0 0.0 0.0 0.0 0.0 0.0
