proto_test_result_1/output3400.asc
ncols 20
nrows 20
xllcorner -180.0
yllcorner -90.0
cellsize 0.0833333
NODATA_value null
0.0 0.0 0.0 0.0 0.0 0.0 0.0 0.0 0.0 0.0 0.0 0.0 0.0 0.0 0.0 0.0 0.0 0.0 0.0 0.0
0.0 0.0 0.0 0.0 0.0 0.0 248.0 1.0 0.0 0.0 0.0 0.0 0.0 0.0 0.0 0.0 0.0 0.0 0.0 0.0
0.0 0.0 0.0 0.0 0.0 0.0 350.0 246.0 0.0 0.0 0.0 0.0 0.0 0.0 123553.0 142963.0 101617.0 53439.0 21088.0 6318.0
0.0 0.0 0.0 0.0 0.0 0.0 1.0 0.0 0.0 0.0 0.0 0.0 0.0 0.0 385052.0 406979.0 272747.0 136657.0 48852.0 13702.0
0.0 0.0 0.0 0.0 0.0 0.0 0.0 0.0 0.0 0.0 0.0 0.0 0.0 0.0 1055489.0 937396.0 570893.0 263600.0 69684.0 16687.0
6529.0 23746.0 70253.0 180216.0 407408.0 820094.0 1480227.0 2396227.0 3490491.0 4588954.0 5411008.0 5531437.0 4887728.0 3812815.0 2866031.0 1834240.0 985772.0 408290.0 0.0 0.0
9829.0 35566.0 104300.0 264210.0 588540.0 1170913.0 2115264.0 3447265.0 5098173.0 6919284.0 8640766.0 9142480.0 8201949.0 6349301.0 4337670.0 2589548.0 1331624.0 534806.0 0.0 0.0
8808.0 31524.0 90127.0 218573.0 456367.0 842141.0 1515639.0 2495567.0 3797925.0 5571431.0 8605076.0 9916003.0 9204768.0 7201171.0 4863993.0 2857870.0 1449174.0 576050.0 0.0 0.0
5326.0 18644.0 49878.0 104019.0 146926.0 0.0 0.0 0.0 0.0 0.0 6103566.0 8433668.0 8222380.0 6544212.0 4433848.0 2597820.0 1311269.0 519348.0 0.0 0.0
2319.0 8153.0 20924.0 39470.0 45676.0 0.0 0.0 0.0 759688.0 2028829.0 4871132.0 6415683.0 6291764.0 5036835.0 3413932.0 1995598.0 1004456.0 398830.0 0.0 0.0
714.0 2706.0 7012.0 12794.0 13958.0 0.0 0.0 0.0 886191.0 2014641.0 3491651.0 4332294.0 4197865.0 3337865.0 2229274.0 1290372.0 647438.0 269018.0 67351.0 15315.0
119.0 659.0 1993.0 4409.0 8583.0 20741.0 70772.0 230412.0 725554.0 1417981.0 2169079.0 2572794.0 2440166.0 1873687.0 1124418.0 626508.0 310082.0 131095.0 42058.0 10912.0
0.0 89.0 508.0 1861.0 6313.0 21471.0 68742.0 191660.0 454040.0 813204.0 1166842.0 1336572.0 1220389.0 808345.0 0.0 0.0 0.0 0.0 0.0 0.0
0.0 0.0 0.0 794.0 3648.0 13465.0 41678.0 107948.0 231342.0 394537.0 545796.0 609734.0 540511.0 333644.0 0.0 0.0 0.0 0.0 0.0 0.0
0.0 0.0 0.0 260.0 1554.0 6151.0 19044.0 47943.0 98651.0 164027.0 222282.0 244204.0 212138.0 126308.0 0.0 0.0 0.0 46.0 0.0 0.0
0.0 0.0 0.0 27.0 460.0 2116.0 6848.0 17356.0 35413.0 58461.0 78505.0 85387.0 73176.0 42690.0 0.0 0.0 0.0 66.0 0.0 0.0
0.0 0.0 0.0 0.0 59.0 506.0 1854.0 4911.0 10239.0 17572.0 23721.0 25699.0 21814.0 12548.0 0.0 0.0 0.0 46.0 0.0 0.0
0.0 0.0 0.0 0.0 0.0 0.0 0.0 0.0 0.0 3992.0 5899.0 6441.0 5420.0 3066.0 0.0 0.0 0.0 0.0 0.0 0.0
0.0 0.0 0.0 0.0 0.0 0.0 0.0 0.0 30.0 705.0 1113.0 1232.0 1017.0 547.0 0.0 0.0 0.0 0.0 0.0 0.0
0.0 0.0 0.0 0.0 0.0 0.0 0.0 0.0 0.0 40.0 98.0 116.0 84.0 17.0 0.0 0.0 0.0 0.0 0.0 0.0
