proto_test_result_1/output4500.asc
ncols 20
nrows 20
xllcorner -180.0
yllcorner -90.0
cellsize 0.0833333
NODATA_value null
0.0 0.0 0.0 0.0 0.0 0.0 0.0 0.0 0.0 0.0 0.0 0.0 0.0 0.0 0.0 0.0 0.0 0.0 0.0 0.0
0.0 0.0 0.0 0.0 0.0 0.0 2685.0 3347.0 2184.0 803.0 0.0 0.0 0.0 0.0 0.0 0.0 0.0 0.0 0.0 0.0
0.0 0.0 0.0 0.0 0.0 0.0 3497.0 4348.0 2820.0 1028.0 0.0 0.0 0.0 0.0 1.04523515E8 1.44790033E8 1.29484616E8 8.8565682E7 4.7179059E7 1.9077224E7
0.0 0.0 0.0 0.0 0.0 0.0 2214.0 2733.0 1740.0 608.0 0.0 0.0 0.0 0.0 2.68370413E8 3.44772818E8 2.91412088E8 1.87645146E8 8.9491851E7 3.3623652E7
0.0 0.0 0.0 0.0 0.0 0.0 0.0 0.0 0.0 0.0 0.0 0.0 0.0 0.0 5.98067397E8 6.58499714E8 5.07148599E8 2.94614526E8 1.01928484E8 3.2627302E7
1.1750323E7 2.8710934E7 5.6395946E7 1.00735666E8 1.68257315E8 2.66886524E8 4.06198575E8 5.90939566E8 8.22150932E8 1.093084951E9 1.367327332E9 1.535549057E9 1.546396708E9 1.441881368E9 1.372108861E9 1.120463563E9 7.66103549E8 3.88031674E8 0.0 0.0
1.8900082E7 4.5619852E7 8.7879605E7 1.52898076E8 2.47667132E8 3.82832499E8 5.80855332E8 8.52016095E8 1.210428024E9 1.679017199E9 2.147483647E9 2.147483647E9 2.147483647E9 2.147483647E9 2.044578471E9 1.533012092E9 9.93929696E8 4.82842007E8 0.0 0.0
1.963795E7 4.6266907E7 8.5440559E7 1.39095072E8 2.03987744E8 2.7906711E8 4.17148756E8 6.19219085E8 9.14271436E8 1.401062834E9 2.147483647E9 2.147483647E9 2.147483647E9 2.147483647E9 2.147483647E9 1.749905553E9 1.111060699E9 5.31793815E8 0.0 0.0
1.5694118E7 3.5632327E7 6.1206111E7 8.6165107E7 8.7162907E7 0.0 0.0 0.0 0.0 0.0 1.969744738E9 2.147483647E9 2.147483647E9 2.147483647E9 2.147483647E9 1.72193313E9 1.084552689E9 5.17198158E8 0.0 0.0
1.0436722E7 2.2918742E7 3.7078253E7 4.7177186E7 3.9833928E7 0.0 0.0 0.0 3.60824264E8 8.74050965E8 1.901778761E9 2.147483647E9 2.147483647E9 2.147483647E9 2.059687384E9 1.478960695E9 9.28780971E8 4.47522025E8 0.0 0.0
6065523.0 1.3078764E7 2.0626636E7 2.5630604E7 2.1732688E7 0.0 0.0 0.0 4.96576492E8 1.031339788E9 1.666491536E9 2.104811917E9 2.147483647E9 1.96856375E9 1.535105387E9 1.083146128E9 6.80729526E8 3.53804545E8 1.13714391E8 3.3750118E7
3167924.0 6932692.0 1.1552899E7 1.705137E7 2.3949151E7 3.8819589E7 8.760234E7 2.08876293E8 5.19949061E8 9.05685662E8 1.296627783E9 1.543447612E9 1.546332434E9 1.294014386E9 8.69236754E8 5.82478734E8 3.61749932E8 1.94818753E8 8.097229E7 2.7303145E7
1358528.0 3141798.0 6091834.0 1.277244E7 2.5050324E7 5.1649325E7 1.10705628E8 2.27648499E8 4.30562548E8 6.76321814E8 9.02715592E8 1.021676615E9 9.59432382E8 6.59158717E8 0.0 0.0 0.0 0.0 0.0 0.0
0.0 0.0 0.0 8757970.0 2.1212784E7 4.5755001E7 9.3724209E7 1.77548796E8 3.02557934E8 4.46375739E8 5.68830486E8 6.19079835E8 5.5369987E8 3.46661687E8 0.0 0.0 0.0 0.0 0.0 0.0
0.0 0.0 0.0 5849190.0 1.5004587E7 3.2369188E7 6.4078359E7 1.15550615E8 1.86632538E8 2.64804606E8 3.26977213E8 3.45807814E8 2.992518E8 1.78894915E8 0.0 0.0 0.0 115.0 0.0 0.0
0.0 0.0 0.0 3428227.0 8908961.0 1.9052729E7 3.6858748E7 6.4596865E7 1.01601954E8 1.41849153E8 1.7203838E8 1.78480703E8 1.51158343E8 8.8164478E7 0.0 0.0 0.0 163.0 0.0 0.0
0.0 0.0 0.0 1534137.0 3993373.0 8482876.0 1.6224099E7 2.8184747E7 4.4740296E7 6.7164983E7 8.2504176E7 8.5024516E7 7.1115412E7 4.0916898E7 0.0 0.0 0.0 115.0 0.0 0.0
0.0 0.0 0.0 0.0 0.0 0.0 0.0 0.0 0.0 2.5012902E7 3.5410947E7 3.7198152E7 3.102547E7 1.7729492E7 0.0 0.0 0.0 0.0 0.0 0.0
0.0 0.0 158.0 1418.0 7653.0 35215.0 149825.0 610224.0 2432132.0 9666832.0 1.4008382E7 1.4897935E7 1.2431205E7 7081433.0 0.0 0.0 0.0 0.0 0.0 0.0
0.0 0.0 129.0 1226.0 6496.0 28505.0 111713.0 397249.0 1258773.0 3284515.0 4707381.0 5029394.0 4199709.0 2389090.0 0.0 0.0 0.0 0.0 0.0 0.0
