proto_test_result_1/output3300.asc
ncols 20
nrows 20
xllcorner -180.0
yllcorner -90.0
cellsize 0.0833333
NODATA_value null
0.0 0.0 0.0 0.0 0.0 0.0 0.0 0.0 0.0 0.0 0.0 0.0 0.0 0.0 0.0 0.0 0.0 0.0 0.0 0.0
0.0 0.0 0.0 0.0 0.0 0.0 229.0 1.0 0.0 0.0 0.0 0.0 0.0 0.0 0.0 0.0 0.0 0.0 0.0 0.0
0.0 0.0 0.0 0.0 0.0 0.0 322.0 227.0 0.0 0.0 0.0 0.0 0.0 0.0 63908.0 71634.0 48817.0 24375.0 8995.0 2473.0
0.0 0.0 0.0 0.0 0.0 0.0 1.0 0.0 0.0 0.0 0.0 0.0 0.0 0.0 205861.0 210684.0 135637.0 64880.0 21889.0 5717.0
0.0 0.0 0.0 0.0 0.0 0.0 0.0 0.0 0.0 0.0 0.0 0.0 0.0 0.0 582478.0 500456.0 293238.0 130013.0 32730.0 7371.0
2768.0 11080.0 35343.0 96067.0 227339.0 474318.0 879442.0 1450715.0 2136644.0 2818501.0 3311128.0 3352633.0 2917293.0 2225255.0 1620473.0 1000790.0 517589.0 206944.0 0.0 0.0
4140.0 16494.0 52225.0 140433.0 328048.0 677405.0 1257440.0 2087841.0 3120288.0 4244664.0 5273363.0 5522413.0 4878613.0 3697513.0 2457273.0 1419296.0 703647.0 273357.0 0.0 0.0
3612.0 14327.0 44442.0 114920.0 252872.0 486939.0 901402.0 1511894.0 2323133.0 3408529.0 5217963.0 5945627.0 5434242.0 4164128.0 2739265.0 1558957.0 762844.0 293516.0 0.0 0.0
2038.0 8047.0 23552.0 52550.0 78243.0 0.0 0.0 0.0 0.0 0.0 3644446.0 4988782.0 4792685.0 3737861.0 2467471.0 1400757.0 682322.0 261507.0 0.0 0.0
774.0 3222.0 9226.0 18793.0 23012.0 0.0 0.0 0.0 430929.0 1167597.0 2841559.0 3721992.0 3601310.0 2826623.0 1867291.0 1057500.0 513314.0 196881.0 0.0 0.0
169.0 910.0 2764.0 5545.0 6423.0 0.0 0.0 0.0 491037.0 1131881.0 1982450.0 2451618.0 2346973.0 1831685.0 1193802.0 669554.0 323511.0 129094.0 30809.0 6598.0
1.0 146.0 633.0 1637.0 3538.0 9453.0 34753.0 118894.0 387992.0 771800.0 1192751.0 1412472.0 1326093.0 1002578.0 590143.0 318989.0 151870.0 61393.0 18678.0 4539.0
0.0 0.0 95.0 569.0 2406.0 9304.0 32215.0 94674.0 232704.0 425642.0 617682.0 707739.0 641593.0 421211.0 0.0 0.0 0.0 0.0 0.0 0.0
0.0 0.0 0.0 186.0 1251.0 5418.0 18361.0 50477.0 112668.0 196942.0 276062.0 309074.0 272638.0 167305.0 0.0 0.0 0.0 0.0 0.0 0.0
0.0 0.0 0.0 16.0 441.0 2219.0 7725.0 20910.0 45127.0 77268.0 106382.0 117345.0 101583.0 60197.0 0.0 0.0 0.0 43.0 0.0 0.0
0.0 0.0 0.0 0.0 75.0 633.0 2465.0 6899.0 14954.0 25597.0 35055.0 38357.0 32778.0 19027.0 0.0 0.0 0.0 60.0 0.0 0.0
0.0 0.0 0.0 0.0 0.0 90.0 548.0 1720.0 3904.0 6978.0 9652.0 10543.0 8917.0 5088.0 0.0 0.0 0.0 43.0 0.0 0.0
0.0 0.0 0.0 0.0 0.0 0.0 0.0 0.0 0.0 1377.0 2081.0 2295.0 1914.0 1058.0 0.0 0.0 0.0 0.0 0.0 0.0
0.0 0.0 0.0 0.0 0.0 0.0 0.0 0.0 0.0 162.0 282.0 320.0 253.0 113.0 0.0 0.0 0.0 0.0 0.0 0.0
0.0 0.0 0.0 0.0 0.0 0.0 0.0 0.0 0.0 0.0 1.0 1.0 0.0 0.0 0.0 0.0 0.0 0.0 0.0 0.0
