proto_test_result_1/output3900.asc
ncols 20
nrows 20
xllcorner -180.0
yllcorner -90.0
cellsize 0.0833333
NODATA_value null
0.0 0.0 0.0 0.0 0.0 0.0 0.0 0.0 0.0 0.0 0.0 0.0 0.0 0.0 0.0 0.0 0.0 0.0 0.0 0.0
0.0 0.0 0.0 0.0 0.0 0.0 573.0 502.0 31.0 0.0 0.0 0.0 0.0 0.0 0.0 0.0 0.0 0.0 0.0 0.0
0.0 0.0 0.0 0.0 0.0 0.0 657.0 588.0 69.0 0.0 0.0 0.0 0.0 0.0 2874716.0 3706758.0 3029870.0 1875321.0 895885.0 328054.0
0.0 0.0 0.0 0.0 0.0 0.0 170.0 128.0 0.0 0.0 0.0 0.0 0.0 0.0 7986853.0 9470164.0 7292497.0 4257629.0 1820179.0 617016.0
0.0 0.0 0.0 0.0 0.0 0.0 0.0 0.0 0.0 0.0 0.0 0.0 0.0 0.0 1.9452727E7 1.9547673E7 1.3670692E7 7248305.0 2253345.0 646997.0
257205.0 726482.0 1685399.0 3517321.0 6708846.0 1.1804802E7 1.9293801E7 2.9225494E7 4.1125094E7 5.3870064E7 6.5040869E7 6.9547154E7 6.5688366E7 5.6283286E7 4.8086792E7 3.5303095E7 2.1832862E7 1.0208267E7 0.0 0.0
400937.0 1121204.0 2561521.0 5239187.0 9767660.0 1.687309E7 2.7553175E7 4.2046799E7 6.022699E7 8.1851347E7 1.05355576E8 1.16898896E8 1.12000941E8 9.4613164E7 7.2202288E7 4.8985775E7 2.8819642E7 1.2980327E7 0.0 0.0
391382.0 1070353.0 2354861.0 4545851.0 7794460.0 1.219788E7 1.9742225E7 3.0459475E7 4.5095196E7 6.6928756E7 1.08324871E8 1.3123436E8 1.29963265E8 1.10585756E8 8.29407E7 5.5093691E7 3.1842253E7 1.4158114E7 0.0 0.0
281643.0 740634.0 1509991.0 2502992.0 2924147.0 0.0 0.0 0.0 0.0 0.0 8.2504206E7 1.18491363E8 1.22581586E8 1.05733211E8 7.9277353E7 5.2375023E7 3.0092264E7 1.3335433E7 0.0 0.0
161822.0 410727.0 785141.0 1165814.0 1118382.0 0.0 0.0 0.0 1.2631502E7 3.1947658E7 7.2713054E7 9.7785135E7 1.01024133E8 8.726303E7 6.5223425E7 4.2913746E7 2.4606344E7 1.0986526E7 0.0 0.0
77806.0 193494.0 357495.0 507560.0 468513.0 0.0 0.0 0.0 1.6137434E7 3.4868905E7 5.8117157E7 7.2948862E7 7.3912301E7 6.2954789E7 4.6005542E7 2.9883259E7 1.7133956E7 8154575.0 2379652.0 640912.0
32393.0 81743.0 157990.0 260990.0 403468.0 751601.0 2010585.0 5485502.0 1.5141263E7 2.7741383E7 4.0894586E7 4.8717874E7 4.7835124E7 3.8733165E7 2.4873698E7 1.5449024E7 8752992.0 4288847.0 1617102.0 497327.0
11228.0 30248.0 68368.0 160777.0 368572.0 907490.0 2283144.0 5331551.0 1.1097681E7 1.8447033E7 2.5421603E7 2.9011484E7 2.704849E7 1.8387427E7 0.0 0.0 0.0 0.0 0.0 0.0
0.0 0.0 0.0 95461.0 272770.0 705290.0 1690622.0 3630348.0 6797334.0 1.0658026E7 1.4078504E7 1.5550568E7 1.3933101E7 8717327.0 0.0 0.0 0.0 0.0 0.0 0.0
0.0 0.0 0.0 53687.0 164108.0 426194.0 989059.0 2024362.0 3595797.0 5439664.0 6988345.0 7539192.0 6573790.0 3944634.0 0.0 0.0 0.0 70.0 0.0 0.0
0.0 0.0 0.0 25955.0 81406.0 211258.0 481330.0 959655.0 1660039.0 2468129.0 3118291.0 3310439.0 2834966.0 1663188.0 0.0 0.0 0.0 99.0 0.0 0.0
0.0 0.0 0.0 9746.0 31067.0 80856.0 183043.0 361984.0 628039.0 982960.0 1247615.0 1314499.0 1113108.0 644654.0 0.0 0.0 0.0 70.0 0.0 0.0
0.0 0.0 0.0 0.0 0.0 0.0 0.0 0.0 0.0 307668.0 440008.0 469267.0 395628.0 227446.0 0.0 0.0 0.0 0.0 0.0 0.0
0.0 0.0 0.0 0.0 0.0 7.0 549.0 3640.0 19291.0 94299.0 139073.0 149771.0 126069.0 72149.0 0.0 0.0 0.0 0.0 0.0 0.0
0.0 0.0 0.0 0.0 0.0 1.0 278.0 1831.0 7930.0 25222.0 37298.0 40393.0 33970.0 19376.0 0.0 0.0 0.0 0.0 0.0 0.0
