proto_test_result_1/output4400.asc
ncols 20
nrows 20
xllcorner -180.0
yllcorner -90.0
cellsize 0.0833333
NODATA_value null
0.0 0.0 0.0 0.0 0.0 0.0 0.0 0.0 0.0 0.0 0.0 0.0 0.0 0.0 0.0 0.0 0.0 0.0 0.0 0.0
0.0 0.0 0.0 0.0 0.0 0.0 1985.0 2370.0 1402.0 418.0 0.0 0.0 0.0 0.0 0.0 0.0 0.0 0.0 0.0 0.0
0.0 0.0 0.0 0.0 0.0 0.0 2534.0 3015.0 1771.0 524.0 0.0 0.0 0.0 0.0 5.7928117E7 7.9502943E7 7.028311E7 4.7467465E7 2.4944519E7 9966241.0
0.0 0.0 0.0 0.0 0.0 0.0 1541.0 1812.0 1028.0 271.0 0.0 0.0 0.0 0.0 1.50289015E8 1.91046369E8 1.59535983E8 1.01445156E8 4.771283E7 1.7700245E7
0.0 0.0 0.0 0.0 0.0 0.0 0.0 0.0 0.0 0.0 0.0 0.0 0.0 0.0 3.39002437E8 3.68690459E8 2.80369835E8 1.60959098E8 5.4916002E7 1.7337919E7
6369812.0 1.5856276E7 3.1853869E7 5.8145817E7 9.8951715E7 1.59231321E8 2.44633156E8 3.5753933E8 4.97554471E8 6.59203391E8 8.19479595E8 9.1313395E8 9.1068041E8 8.3863063E8 7.85887053E8 6.32448429E8 4.26708276E8 2.13909994E8 0.0 0.0
1.0198692E7 2.5084086E7 4.9443238E7 8.7986298E7 1.45383795E8 2.28255082E8 3.49714993E8 5.15269559E8 7.31818236E8 1.010666101E9 1.346732235E9 1.558721678E9 1.573620134E9 1.419423901E9 1.172419542E9 8.67050199E8 5.54928776E8 2.66966446E8 0.0 0.0
1.050389E7 2.5217449E7 4.7669137E7 7.9458798E7 1.19138727E8 1.66146644E8 2.51033321E8 3.74238474E8 5.51888124E8 8.40458319E8 1.427553752E9 1.803433581E9 1.876373061E9 1.697422921E9 1.370059513E9 9.87733597E8 6.1935451E8 2.93650664E8 0.0 0.0
8276022.0 1.913476E7 3.3613568E7 4.8385841E7 4.9939544E7 0.0 0.0 0.0 0.0 0.0 1.157062864E9 1.709967592E9 1.845970008E9 1.684572932E9 1.353472008E9 9.67388954E8 6.01949771E8 2.8436855E8 0.0 0.0
5397944.0 1.2060619E7 1.9927669E7 2.5873925E7 2.2220484E7 0.0 0.0 0.0 2.06479102E8 5.03248569E8 1.102142205E9 1.501553506E9 1.606283541E9 1.45963476E9 1.163459724E9 8.25662528E8 5.12350103E8 2.44471088E8 0.0 0.0
3061391.0 6708199.0 1.0779995E7 1.3611157E7 1.1651659E7 0.0 0.0 0.0 2.81156989E8 5.87236165E8 9.53124716E8 1.20309409E9 1.252621724E9 1.113441178E9 8.60804193E8 6.00726221E8 3.73033615E8 1.91701296E8 6.0857132E7 1.7844173E7
1555388.0 3454459.0 5849229.0 8735615.0 1.2396701E7 2.0442798E7 4.7216395E7 1.14738249E8 2.89838017E8 5.08529874E8 7.31142621E8 8.70735158E8 8.70353867E8 7.25414616E8 4.84500239E8 3.21437429E8 1.97252929E8 1.04951137E8 4.3086598E7 1.4364231E7
651419.0 1528434.0 3008480.0 6377295.0 1.2733096E7 2.685344E7 5.8817852E7 1.23095716E8 2.35952922E8 3.73619567E8 5.01021773E8 5.67952994E8 5.33133923E8 3.65951342E8 0.0 0.0 0.0 0.0 0.0 0.0
0.0 0.0 0.0 4292707.0 1.0597268E7 2.3386111E7 4.8912295E7 9.4245188E7 1.62689152E8 2.4207331E8 3.100946E8 3.3834085E8 3.028706E8 1.89707515E8 0.0 0.0 0.0 0.0 0.0 0.0
0.0 0.0 0.0 2807594.0 7346439.0 1.621409E7 3.2763147E7 6.0077797E7 9.8278637E7 1.40668978E8 1.7467947E8 1.85331063E8 1.60643945E8 9.6132346E7 0.0 0.0 0.0 106.0 0.0 0.0
0.0 0.0 0.0 1609973.0 4270210.0 9344296.0 1.8450428E7 3.2873465E7 5.2345943E7 7.3685291E7 8.9868965E7 9.3563178E7 7.9404504E7 4.637196E7 0.0 0.0 0.0 150.0 0.0 0.0
0.0 0.0 0.0 707521.0 1880555.0 4088235.0 7979821.0 1.4086824E7 2.2608989E7 3.4107509E7 4.2070216E7 4.3493624E7 3.6456166E7 2.1002953E7 0.0 0.0 0.0 106.0 0.0 0.0
0.0 0.0 0.0 0.0 0.0 0.0 0.0 0.0 0.0 1.2419532E7 1.7601398E7 1.8528161E7 1.5481521E7 8857506.0 0.0 0.0 0.0 0.0 0.0 0.0
0.0 0.0 1.0 445.0 2945.0 14749.0 66016.0 278962.0 1144949.0 4661707.0 6770082.0 7212260.0 6027159.0 3436901.0 0.0 0.0 0.0 0.0 0.0 0.0
0.0 0.0 1.0 363.0 2427.0 11666.0 48167.0 177595.0 578461.0 1540779.0 2216353.0 2372248.0 1983587.0 1129405.0 0.0 0.0 0.0 0.0 0.0 0.0
