proto_test_result_1/output3500.asc
ncols 20
nrows 20
xllcorner -180.0
yllcorner -90.0
cellsize 0.0833333
NODATA_value null
0.0 0.0 0.0 0.0 0.0 0.0 0.0 0.0 0.0 0.0 0.0 0.0 0.0 0.0 0.0 0.0 0.0 0.0 0.0 0.0
0.0 0.0 0.0 0.0 0.0 0.0 277.0 86.0 0.0 0.0 0.0 0.0 0.0 0.0 0.0 0.0 0.0 0.0 0.0 0.0
0.0 0.0 0.0 0.0 0.0 0.0 381.0 275.0 1.0 0.0 0.0 0.0 0.0 0.0 235935.0 280603.0 206752.0 113516.0 47230.0 15036.0
0.0 0.0 0.0 0.0 0.0 0.0 1.0 1.0 0.0 0.0 0.0 0.0 0.0 0.0 714433.0 776892.0 539178.0 281026.0 105363.0 31195.0
0.0 0.0 0.0 0.0 0.0 0.0 0.0 0.0 0.0 0.0 0.0 0.0 0.0 0.0 1903473.0 1741567.0 1097489.0 524841.0 144636.0 36381.0
14531.0 49183.0 136655.0 333244.0 723224.0 1409687.0 2483872.0 3954525.0 5706284.0 7484461.0 8861455.0 9143719.0 8198352.0 6531228.0 5055712.0 3342271.0 1858824.0 793864.0 0.0 0.0
22039.0 74131.0 203856.0 490061.0 1046154.0 2012616.0 3548170.0 5687854.0 8337162.0 1.1300376E7 1.4189938E7 1.5164757E7 1.3803883E7 1.0898972E7 7638110.0 4699346.0 2496876.0 1032245.0 0.0 0.0
20188.0 66887.0 178654.0 409630.0 815998.0 1448606.0 2541689.0 4117128.0 6215577.0 9125276.0 1.4222555E7 1.6567055E7 1.5603786E7 1.2444198E7 8612160.0 5209088.0 2726899.0 1115094.0 0.0 0.0
12834.0 41239.0 102588.0 201922.0 272293.0 0.0 0.0 0.0 0.0 0.0 1.0240571E7 1.4274355E7 1.4107684E7 1.1439905E7 7937244.0 4785434.0 2493248.0 1016042.0 0.0 0.0
6098.0 19278.0 45516.0 80606.0 88915.0 0.0 0.0 0.0 1336457.0 3523104.0 8354587.0 1.1058792E7 1.0979196E7 8948784.0 6208253.0 3733847.0 1940725.0 793971.0 0.0 0.0
2208.0 7123.0 16607.0 28200.0 29351.0 0.0 0.0 0.0 1592607.0 3576315.0 6140305.0 7641006.0 7484746.0 6051660.0 4131089.0 2459381.0 1275586.0 548752.0 143003.0 34081.0
582.0 2121.0 5419.0 10884.0 19705.0 44167.0 141585.0 441416.0 1346561.0 2590760.0 3927517.0 4664759.0 4463748.0 3474140.0 2120523.0 1213617.0 621351.0 272890.0 91425.0 24909.0
77.0 495.0 1698.0 5182.0 15391.0 47641.0 143114.0 381521.0 875283.0 1539097.0 2186668.0 2503615.0 2299596.0 1534367.0 0.0 0.0 0.0 0.0 0.0 0.0
0.0 0.0 0.0 2491.0 9573.0 31682.0 91380.0 225323.0 466503.0 778921.0 1065302.0 1187494.0 1056601.0 655135.0 0.0 0.0 0.0 0.0 0.0 0.0
0.0 0.0 0.0 1034.0 4566.0 15687.0 44619.0 106109.0 209972.0 340652.0 455455.0 498455.0 433970.0 259226.0 0.0 0.0 0.0 50.0 0.0 0.0
0.0 0.0 0.0 304.0 1653.0 6068.0 17516.0 41343.0 80515.0 129152.0 170661.0 184612.0 158427.0 92704.0 0.0 0.0 0.0 71.0 0.0 0.0
0.0 0.0 0.0 27.0 413.0 1756.0 5318.0 12766.0 25135.0 41925.0 55581.0 59804.0 50831.0 29361.0 0.0 0.0 0.0 50.0 0.0 0.0
0.0 0.0 0.0 0.0 0.0 0.0 0.0 0.0 0.0 10487.0 15312.0 16606.0 14023.0 8011.0 0.0 0.0 0.0 0.0 0.0 0.0
0.0 0.0 0.0 0.0 0.0 0.0 0.0 1.0 274.0 2256.0 3455.0 3783.0 3166.0 1772.0 0.0 0.0 0.0 0.0 0.0 0.0
0.0 0.0 0.0 0.0 0.0 0.0 0.0 0.0 14.0 334.0 553.0 616.0 501.0 255.0 0.0 0.0 0.0 0.0 0.0 0.0
